[[98030754, 6677854920, 16.264992870971383], [98030754, 5706892123, 53.34936484526625], [98030755, 98030756, 66.89405736994955], [98030755, 6677854920, 72.44004294658997], [98030755, 12141523151, 35.576563444216944], [98030756, 12141523155, 15.307681069315544], [98030756, 98030755, 66.89405736994955], [98030757, 12357580647, 27.9026647586747], [98030757, 10154767095, 9.482575608087977], [98030757, 6677448684, 11.775653913403858], [98031401, 6661055810, 4.906399356613996], [98031401, 6661055816, 7.778917219221988], [98032223, 10172943649, 7.178528919176985], [98032223, 10172943651, 20.45649807578268], [98032470, 6677058746, 5.751132273237297], [98032470, 6677058742, 10.414094365143065], [98032470, 1314209715, 7.208768160857981], [98032476, 6647145134, 15.988672802085658], [98032476, 6666479030, 15.368840061739899], [98032476, 6691518955, 7.950235479293454], [106108910, 10180021633, 15.261349030303442], [106108910, 10308311723, 26.28208956384017], [106108912, 106108913, 36.501852408767554], [106108913, 106108914, 56.47299972664141], [106108914, 106108915, 11.765975820098836], [106108915, 5875623871, 9.844138677360124], [106108917, 10180021542, 8.080261218650453], [106108920, 106108921, 52.176890706298686], [106108921, 106108922, 24.37526500334084], [106108922, 106108923, 15.77807864699235], [106108923, 1497527968, 7.934769401612365], [106108924, 6689225981, 9.173509744467385], [106108925, 10180021405, 24.39508345507518], [308728690, 6647184355, 7.082837586789484], [308728690, 8273495805, 23.801776082088523], [308728690, 8273495911, 46.9217973543283], [309595498, 6691220091, 8.806007567327432], [309595498, 309595521, 84.66605211804298], [309595521, 10170667217, 9.918967599050845], [309595521, 6415439963, 60.67727385349646], [309595522, 12024664261, 10.405193449465278], [309595522, 6691245499, 7.56747887468431], [309653654, 445970135, 34.28425924078936], [309653654, 2050902838, 45.45086400663919], [309653659, 10172943579, 16.767237366172377], [309653659, 5489009622, 16.485604349758983], [309653659, 6677147299, 20.205296035954408], [317968694, 6685568158, 30.84571184500107], [317968698, 13084751121, 79.34833364244844], [317968698, 2874235893, 17.47761681746646], [317968698, 13084751122, 15.329432683180865], [317968700, 12521329904, 12.053825284721233], [317968700, 6685568160, 75.61200588096042], [317968700, 9580498859, 82.0510261734031], [317968702, 6415429007, 21.598977993910033], [317968702, 1652403205, 6.94437882343045], [317968719, 2290010745, 40.488926758374646], [317968719, 1652403204, 6.62170534995341], [317968749, 2105175548, 75.03966388718494], [317968749, 12521329904, 68.30031275346384], [317968749, 5703585019, 82.1156858099546], [317968992, 6406219805, 34.911571567508396], [320101357, 10308311723, 31.32408846249383], [320101357, 320101358, 77.54569609478595], [320101358, 320101357, 77.54569609478595], [320101358, 5706871736, 44.45019148595537], [320101359, 5706871736, 109.19847054217283], [320101359, 1692799423, 54.921018703440055], [320101360, 1692799423, 32.94326024002592], [320101360, 2052660927, 82.32266073558027], [320101361, 11765434161, 34.74919477802082], [320101361, 2052660927, 26.4564103258799], [320101361, 3776066612, 27.596369434372583], [320101362, 2052660926, 8.639414604709152], [320101362, 446785626, 49.495984859794376], [320101363, 446785626, 20.697973594199425], [320101363, 320101364, 64.53703420986062], [320101364, 320101363, 64.53703420986062], [320101364, 446785624, 42.155974480456706], [320101365, 446785624, 41.176954442783526], [320101365, 320101366, 71.18928326178298], [320101366, 1692799420, 37.854407784563044], [320101366, 1692799422, 77.69781696522752], [320101366, 320101365, 71.18928326178298], [320101368, 12024836041, 47.56751787862639], [320101368, 12024836044, 5.28407403384637], [320101368, 1692799420, 33.89516927667393], [320101369, 320101370, 20.22087994152296], [320101369, 12024836040, 18.663710601575886], [320101370, 12024836036, 24.234028137106048], [320101370, 1495022220, 43.52836152525266], [320101370, 320101369, 20.22087994152296], [320101371, 8273496010, 31.52340826891191], [320101371, 1495022220, 57.98927688994417], [320503664, 10179944309, 7.742958590541197], [320503664, 10180021498, 3.885471107095867], [320503666, 10180021403, 7.840786151567735], [320503666, 12441641790, 42.719985818482535], [320503669, 12441641790, 27.96491925483776], [320503669, 5716403812, 17.857381476599073], [322505286, 10169179368, 153.2865984038094], [322505286, 5701309370, 37.161875176664616], [322505286, 5701309372, 50.30459695906375], [322505288, 6689560826, 61.232365511296635], [322505289, 11279992885, 6.238484462419816], [322505289, 11279992901, 23.906432173891844], [322505290, 322505289, 7.345265554223583], [322505292, 5485733665, 91.91971251842497], [322505292, 11279992886, 58.31221555856357], [322505292, 11279992887, 66.01810311305587], [322505294, 1314209704, 8.428765807217125], [322505294, 6685187319, 10.45975869851703], [322505295, 1497544837, 43.388938829335636], [444875130, 6644831051, 11.604110847458434], [445970071, 1692799418, 17.747080430423015], [445970071, 1905162520, 13.908964708664383], [445970071, 445970072, 84.27573627631678], [445970072, 5703890768, 18.361739028554265], [445970072, 445970071, 84.27573627631678], [445970072, 5703892327, 53.9432261475071], [445970078, 2064203057, 13.421561667360592], [445970078, 445970128, 4.76683898558526], [445970079, 10170632814, 7.172423773942838], [445970079, 6689710145, 24.02174569642352], [445970083, 8273495805, 103.57410206916975], [445970083, 11951484823, 6.038813092722706], [445970083, 2053920035, 36.477739331643605], [445970087, 2052400416, 40.49250496393867], [445970087, 11951484829, 20.680563589678794], [445970089, 12612823109, 28.51593082741338], [445970089, 11951484833, 10.620657359024587], [445970092, 11951484832, 43.38310518066514], [445970092, 2052400415, 22.644293427120772], [445970093, 445970100, 53.086397183945984], [445970093, 8273495800, 7.087471525749156], [445970093, 12941938327, 21.715603288769515], [445970096, 2050902830, 15.307792134952841], [445970096, 8032519457, 4.077993977273146], [445970096, 445970104, 17.37392439311622], [445970097, 6689710146, 7.440114433817286], [445970098, 2064182672, 45.272923584490805], [445970099, 9602381139, 19.49731355725536], [445970099, 5704540256, 27.985520712563794], [445970099, 2050902821, 51.07828299146576], [445970100, 6661055815, 116.66471745066595], [445970100, 445970093, 53.086397183945984], [445970100, 1905162517, 63.1270769861014], [445970101, 445970102, 86.62282319760284], [445970101, 12941938329, 13.108232889414346], [445970102, 445970103, 7.816084681994259], [445970102, 445970101, 86.62282319760284], [445970103, 445970102, 7.816084681994259], [445970103, 10172943618, 71.59731189575545], [445970104, 6662241096, 52.817191468276654], [445970104, 10172943618, 4.804474524171597], [445970127, 2050902827, 13.491150256374587], [445970127, 5703965639, 71.68005211609507], [445970128, 445970078, 4.76683898558526], [445970128, 2064182775, 57.60472445287241], [445970129, 2064182775, 9.6891920932565], [445970129, 2064182672, 36.45228834405723], [445970135, 6691220095, 7.303239423050009], [445970135, 309653654, 34.28425924078936], [445970135, 2052400395, 126.746730524928], [446009108, 10171614241, 21.69824781153731], [446785624, 320101364, 42.155974480456706], [446785624, 320101365, 41.176954442783526], [446785626, 320101362, 49.495984859794376], [446785626, 320101363, 20.697973594199425], [446785627, 5721501316, 44.25159733325685], [446785627, 5721501317, 21.069464989771465], [446785629, 5718868824, 82.5579954244137], [446785631, 2274969537, 41.464563709961396], [446785631, 2274017723, 48.21551719946957], [446785631, 2274969539, 36.958338046517476], [446785632, 2274969537, 46.51958027436912], [724833172, 6647027051, 24.3370456164435], [724833172, 12591984178, 17.794925800844293], [1314203096, 5719108457, 8.057168380727488], [1314203097, 10170867041, 4.938328232383309], [1314203097, 5716404238, 53.24958006978247], [1314203099, 1495022681, 78.34170009791022], [1314203099, 10170867048, 8.548753995735], [1314203102, 6647110732, 19.288522265763746], [1314203102, 6647110730, 13.34875507199902], [1314209677, 6657729908, 7.759058124026988], [1314209677, 6688377255, 123.40274078444048], [1314209681, 12094530556, 34.74921900640767], [1314209681, 5485810940, 31.207169341313666], [1314209681, 10018929293, 73.88790154640105], [1314209683, 6657729905, 10.851289797848956], [1314209683, 6657729906, 12.457329007035057], [1314209697, 6688377250, 8.483140152652165], [1314209704, 10154767121, 9.36803502314207], [1314209704, 322505294, 8.428765807217125], [1314209704, 5704011550, 58.96452561308195], [1314209713, 6685568160, 4.17819325486431], [1314209713, 2592290239, 7.928936906679729], [1314209713, 1314209704, 78.68876649719178], [1314209715, 98032470, 7.208768160857981], [1314209715, 6677058743, 14.714415207623198], [1314209715, 6677058747, 13.14559600403197], [1495022220, 320101371, 57.98927688994417], [1495022220, 320101370, 43.52836152525266], [1495022232, 10170867040, 6.057589465895651], [1495022232, 12024836052, 11.485188177390958], [1495022673, 12361074035, 13.972758559194101], [1495022673, 12361074032, 52.641814405010045], [1495022673, 2052660458, 14.133546671574075], [1495022681, 2289997642, 35.17422962123699], [1495022681, 10170867049, 8.66109943337995], [1497527957, 10180021553, 7.121788599210735], [1497527957, 10180021630, 7.486428982349856], [1497527960, 10180021498, 1.9560579251207857], [1497527960, 1497527961, 7.579896030459246], [1497527961, 1497527957, 66.48216340039018], [1497527961, 1497527960, 7.579896030459246], [1497527965, 5716403809, 19.498726483559697], [1497527965, 1497527966, 26.20169313492012], [1497527966, 1497527965, 26.20169313492012], [1497527966, 10179944308, 32.75183722642012], [1497527968, 5707161171, 7.564951945208549], [1497544735, 6677507285, 18.077711980784574], [1497544735, 4961341856, 11.21901477424481], [1497544738, 5707161163, 21.50865921226278], [1497544738, 98030757, 22.333940945198094], [1497544761, 10154767133, 5.699299254703964], [1497544761, 6677677161, 98.80860657689904], [1497544764, 10154767135, 5.4415076090761], [1497544764, 9980229913, 7.793000533167898], [1497544764, 6685461258, 9.349873352735953], [1497544776, 6406219816, 59.586320809344734], [1497544783, 10154767140, 4.7295328393969305], [1497544783, 2105151551, 54.77700143330549], [1497544796, 10154767141, 3.9690908593437206], [1497544796, 6685187346, 8.61194598326675], [1497544796, 7301485388, 7.957375274298993], [1497544796, 5704011299, 16.35444778784705], [1497544826, 6685187345, 20.157510708072095], [1497544837, 322505295, 43.388938829335636], [1497544837, 12521329905, 27.09134843655046], [1497544846, 12497635862, 25.13685123286535], [1497544849, 6688377253, 9.88591056786771], [1497544849, 1314209697, 10.288272000753475], [1497544854, 2290010747, 54.79340655521371], [1652403200, 1652403201, 37.47626435101906], [1652403200, 8273495894, 41.386087395518814], [1652403201, 2105175571, 43.726929572775106], [1652403201, 6677147312, 18.91944151247951], [1652403201, 1652403200, 37.47626435101906], [1652403204, 6677760743, 12.852507057460192], [1652403204, 5703585015, 44.499505050457806], [1652403204, 317968719, 6.62170534995341], [1652403205, 6676878687, 10.309242101088001], [1652403205, 10156264171, 14.135660292228826], [1652403205, 317968702, 6.94437882343045], [1652403208, 6677147312, 65.38900173409498], [1652403208, 6677811330, 31.84672810276161], [1652403208, 6677058747, 45.43144726936881], [1692799412, 2049327997, 77.47169039711916], [1692799412, 2052660548, 33.20174315361141], [1692799412, 5706871732, 63.458052096605655], [1692799412, 2052660412, 30.405467124747762], [1692799413, 2052660290, 59.2418439486926], [1692799413, 8273491902, 10.848830271638931], [1692799413, 1692799416, 72.85397920561674], [1692799414, 1692799415, 54.36977264396187], [1692799414, 1692799418, 19.938903420396382], [1692799415, 1692799414, 54.36977264396187], [1692799415, 2052635219, 42.45500755509677], [1692799416, 8273495791, 49.49654733039522], [1692799416, 1692799413, 72.85397920561674], [1692799418, 6647184356, 89.24842117535084], [1692799418, 445970071, 17.747080430423015], [1692799418, 1692799414, 19.938903420396382], [1692799420, 320101366, 37.854407784563044], [1692799420, 320101368, 33.89516927667393], [1692799422, 10180021402, 8.282336259334198], [1692799422, 320101366, 77.69781696522752], [1692799423, 320101360, 32.94326024002592], [1692799423, 2049328010, 26.218701067394875], [1692799423, 320101359, 54.921018703440055], [1692799424, 5716403814, 9.760980971968582], [1692799424, 10180021402, 7.277012925342065], [1692799426, 2052660505, 27.476273050919183], [1692799426, 9320603371, 16.59163020359684], [1692799426, 5706871732, 16.150899493051107], [1692799426, 12071251090, 3.9650342994440217], [1758170763, 10170867083, 4.806171595393141], [1758170763, 1758170769, 57.983045570145705], [1758170769, 12979333356, 6.33641943845737], [1772107554, 5701182799, 12.675044245388783], [1865400231, 2052660932, 43.941344693569526], [1865400231, 5718868824, 9.474372777624414], [1865400231, 11889536793, 12.729318807869099], [1865400232, 6646965398, 87.99318039723053], [1865400232, 10170867047, 8.849496471867615], [1865400233, 1865400234, 19.5613317155127], [1865400233, 2049328005, 30.52027655317099], [1865400233, 11889536794, 13.088653498882866], [1865400234, 1865400233, 19.5613317155127], [1865400234, 12071210343, 4.210412970128046], [1865400234, 2052660934, 30.34056795735589], [1865400237, 12117951318, 7.550677095992529], [1865400237, 12080225835, 8.249191212908382], [1865400237, 2052660593, 67.050985653969], [1865400238, 12071224298, 12.953934183050391], [1865400238, 12117951318, 26.40143614235124], [1865400238, 2049328006, 44.68876782607224], [1904360482, 10180021517, 8.98040678661166], [1904360482, 6662555441, 17.55118988210183], [1905162500, 10180021552, 7.773897100747516], [1905162500, 5828713073, 34.771330046460456], [1905162501, 10180021552, 127.58048336768624], [1905162501, 8273496010, 15.312779298728792], [1905162501, 10640451565, 31.02417338660678], [1905162502, 10180021553, 71.4627811895294], [1905162502, 5716403809, 9.632069305720456], [1905162503, 10180021519, 7.047960034083887], [1905162503, 8929081498, 25.378547665665984], [1905162504, 1905162505, 6.503997017990165], [1905162504, 1905162506, 21.627057046628206], [1905162505, 10180021519, 51.798987292694775], [1905162505, 1905162504, 6.503997017990165], [1905162506, 1905162504, 21.627057046628206], [1905162506, 1905162507, 24.177797508241532], [1905162507, 1905162506, 24.177797508241532], [1905162507, 12723497572, 17.804068842986325], [1905162509, 12723497572, 7.976677667107239], [1905162509, 6639129712, 24.70263554592917], [1905162511, 1905162513, 43.5094791895318], [1905162511, 2052635192, 30.35698398364037], [1905162511, 2052635185, 32.67998898550378], [1905162513, 1905162511, 43.5094791895318], [1905162513, 1905162514, 26.081179127765854], [1905162513, 2052635189, 32.65061702482225], [1905162514, 1905162513, 26.081179127765854], [1905162514, 6639129713, 28.642724254425467], [1905162514, 1905162517, 33.171370394304574], [1905162514, 5706871727, 48.30271804009441], [1905162515, 6639129713, 50.09070955015326], [1905162515, 1905162516, 75.74110346816954], [1905162516, 1905162515, 75.74110346816954], [1905162516, 11919514116, 8.281385418820948], [1905162516, 5706871726, 23.17118795107147], [1905162517, 2052635192, 68.84641139847452], [1905162517, 1905162514, 33.171370394304574], [1905162517, 445970100, 63.1270769861014], [1905162518, 2290010738, 58.5670538800914], [1905162518, 2053894365, 42.84037079375775], [1905162518, 2053920044, 7.032817996850706], [1905162519, 5703890781, 23.32515175787223], [1905162519, 5485634757, 23.491540961112108], [1905162520, 445970071, 13.908964708664383], [1905162520, 5703890784, 45.4781688441258], [1905162520, 5485634757, 40.01478648957707], [2049327997, 2049327998, 11.743951973655719], [2049327997, 1692799412, 77.47169039711916], [2049327997, 6405775860, 36.683283049554895], [2049327998, 2049328002, 57.261143438729036], [2049327998, 2049327997, 11.743951973655719], [2049327998, 6661241393, 16.97951783702591], [2049328001, 2291046237, 10.885600336714125], [2049328001, 6405775857, 30.086978632267755], [2049328001, 12117951317, 16.96449996615169], [2049328002, 6405775857, 11.37420047295286], [2049328002, 2049327998, 57.261143438729036], [2049328002, 6661241394, 10.240028560331124], [2049328003, 2049328004, 16.625497142608033], [2049328003, 2291046237, 31.36447486682081], [2049328004, 6661598091, 15.450538446516083], [2049328004, 2049328003, 16.625497142608033], [2049328005, 12071177938, 13.549249358812604], [2049328005, 1865400233, 30.52027655317099], [2049328005, 2049328006, 48.37974268804543], [2049328006, 2049328005, 48.37974268804543], [2049328006, 1865400238, 44.68876782607224], [2049328006, 2049328007, 30.22123237055986], [2049328007, 2049328006, 30.22123237055986], [2049328007, 12071240671, 16.08376815062966], [2049328007, 5718868832, 11.12990684989534], [2049328010, 12071251086, 3.5879401652877427], [2049328010, 1692799423, 26.218701067394875], [2049328010, 11765434154, 5.582249774253654], [2049328016, 12071177938, 16.637905288190105], [2049328016, 5718868832, 43.00993458912799], [2049328016, 2052660414, 36.06343749623018], [2049328017, 10173310442, 65.1782357833805], [2049328017, 6661598091, 27.263376446717796], [2049328017, 8034817845, 59.84296978351392], [2050902809, 2050902810, 8.70207145243347], [2050902809, 2050902812, 32.43894876998682], [2050902810, 2050902813, 34.522096393896874], [2050902810, 2050902809, 8.70207145243347], [2050902811, 2050902823, 90.97769376221372], [2050902812, 2050902809, 32.43894876998682], [2050902812, 5703513605, 19.55100944709486], [2050902813, 2050902814, 47.57083892383624], [2050902813, 2050902810, 34.522096393896874], [2050902814, 2050902813, 47.57083892383624], [2050902814, 2050902818, 34.669640427963984], [2050902814, 2050902817, 14.698293830275684], [2050902814, 2050903988, 68.70203247949601], [2050902817, 2050902814, 14.698293830275684], [2050902818, 2050902814, 34.669640427963984], [2050902818, 2050903987, 35.851281255562036], [2050902820, 98031401, 20.000873726526518], [2050902820, 6661055802, 4.98767695294178], [2050902821, 445970099, 51.07828299146576], [2050902821, 5703513597, 10.025555371378875], [2050902821, 2050902823, 26.229596363127285], [2050902822, 10170632816, 8.559606511167875], [2050902822, 309595498, 54.494894283810524], [2050902823, 2050902811, 90.97769376221372], [2050902823, 10170632816, 37.011471702373015], [2050902823, 2050902821, 26.229596363127285], [2050902824, 12016149412, 2.172638550362557], [2050902824, 2050902842, 47.79288432510251], [2050902827, 6677247880, 9.321106444037984], [2050902827, 445970127, 13.491150256374587], [2050902827, 10172943670, 7.041209669108541], [2050902829, 6677805030, 15.52361431514256], [2050902829, 10172943667, 5.3094991473688395], [2050902830, 6677311642, 9.540037655952563], [2050902830, 445970096, 15.307792134952841], [2050902830, 10172943665, 5.803754548956112], [2050902832, 2050902833, 13.731935607177233], [2050902832, 6677311645, 5.02561129644177], [2050902833, 2050902827, 120.11628225826388], [2050902833, 2050902832, 13.731935607177233], [2050902833, 10172943669, 7.581703291793955], [2050902835, 2050902836, 17.329364329460528], [2050902835, 98032223, 21.05181755449908], [2050902836, 5703965637, 18.145385500606938], [2050902836, 2050902835, 17.329364329460528], [2050902836, 10294611085, 8.473870947374246], [2050902838, 309653654, 45.45086400663919], [2050902838, 2050903988, 28.804354984041744], [2050902838, 2052400408, 23.729363627414607], [2050902838, 12016149411, 17.569227107711875], [2050902839, 2052400418, 30.268238228714946], [2050902839, 2052400405, 48.708687398678116], [2050902841, 8273491903, 11.291019543124005], [2050902841, 8273491907, 78.16211542059881], [2050902841, 5703965631, 38.56394085593121], [2050902842, 2050902824, 47.79288432510251], [2050902842, 8273491903, 17.169533140233657], [2050903987, 2050902818, 35.851281255562036], [2050903987, 12313717066, 29.938317702548623], [2050903987, 12313717067, 9.210306634162663], [2050903987, 12313717064, 23.89969125067141], [2050903988, 2050902838, 28.804354984041744], [2050903988, 9602381139, 15.920806343332078], [2050903988, 2050902814, 68.70203247949601], [2052400392, 10170632813, 6.288942164176701], [2052400392, 445970079, 85.09735961886096], [2052400395, 445970135, 126.746730524928], [2052400395, 2052400404, 15.897760703762472], [2052400395, 8945575754, 15.341514872807007], [2052400396, 2052400397, 17.498324072140182], [2052400396, 2052400404, 16.10653979540821], [2052400397, 8273495933, 38.95620810687704], [2052400397, 2052400396, 17.498324072140182], [2052400397, 2064182670, 23.21980279653089], [2052400399, 2052400400, 24.473786734334556], [2052400399, 8273495933, 27.965762743108698], [2052400400, 12867080453, 3.706035389611104], [2052400400, 2052400399, 24.473786734334556], [2052400401, 2052400402, 27.78511134615951], [2052400401, 12867080454, 22.521413648243023], [2052400401, 2064177082, 25.923797637692374], [2052400402, 2052400403, 27.617783255383003], [2052400402, 2052400401, 27.78511134615951], [2052400403, 2052400411, 56.137745700558426], [2052400403, 2052400402, 27.617783255383003], [2052400404, 2052400396, 16.10653979540821], [2052400404, 2052400395, 15.897760703762472], [2052400405, 2050902839, 48.708687398678116], [2052400406, 2052400418, 30.751131482591877], [2052400406, 2052400407, 56.34863163362389], [2052400406, 12016149410, 9.253099708981496], [2052400407, 2052400406, 56.34863163362389], [2052400408, 11954203378, 13.994239600880643], [2052400408, 2050902838, 23.729363627414607], [2052400409, 11954203378, 59.57834683767045], [2052400410, 2052400418, 49.054767364766825], [2052400411, 8032519440, 13.747565753745318], [2052400411, 2052400403, 56.137745700558426], [2052400411, 2064169781, 3.9761791258792987], [2052400412, 12941938329, 17.550405992941286], [2052400412, 12941938325, 16.990599705793244], [2052400415, 445970092, 22.644293427120772], [2052400415, 12941938327, 42.461236303230606], [2052400416, 8032519440, 9.196838189520065], [2052400416, 445970087, 40.49250496393867], [2052400417, 5703558780, 39.5620436284422], [2052400418, 2050902839, 30.268238228714946], [2052400418, 2052400406, 30.751131482591877], [2052400418, 2052400410, 49.054767364766825], [2052401887, 2053894358, 105.74571399688912], [2052401887, 10170632812, 6.894706473598423], [2052635185, 1905162511, 32.67998898550378], [2052635185, 2053635817, 12.796658736451064], [2052635185, 2052635189, 43.50155795246331], [2052635189, 1905162513, 32.65061702482225], [2052635189, 2052635185, 43.50155795246331], [2052635192, 1905162517, 68.84641139847452], [2052635192, 1905162511, 30.35698398364037], [2052635192, 5706896621, 47.266574034358776], [2052635194, 2052635197, 51.85264207996835], [2052635194, 2052635359, 23.44531559721555], [2052635197, 11726397183, 21.307035994090146], [2052635197, 2052635194, 51.85264207996835], [2052635200, 11765431225, 98.8962622054445], [2052635200, 2052635194, 14.579049414330816], [2052635219, 2052635234, 20.066667634492905], [2052635219, 2052635200, 11.752958235492198], [2052635234, 2052635314, 32.03115075634791], [2052635234, 2052635219, 20.066667634492905], [2052635250, 9835760272, 17.261824875125374], [2052635250, 2052635278, 29.904669317640288], [2052635250, 2052635264, 46.06288301148095], [2052635264, 2052635250, 46.06288301148095], [2052635278, 2052635250, 29.904669317640288], [2052635278, 2052635314, 27.940420482627463], [2052635278, 2052635298, 51.401133835369336], [2052635298, 2052635278, 51.401133835369336], [2052635314, 2052635278, 27.940420482627463], [2052635314, 2052635234, 32.03115075634791], [2052635314, 2052635329, 50.67049834023779], [2052635329, 2052635314, 50.67049834023779], [2052635348, 11765431225, 21.966417224828987], [2052635359, 2052635363, 58.85654950588075], [2052635359, 5485766420, 25.60183505814123], [2052635363, 2052635359, 58.85654950588075], [2052660289, 2052660290, 24.324716898101304], [2052660290, 2052660289, 24.324716898101304], [2052660290, 1692799413, 59.2418439486926], [2052660290, 2052660315, 16.057071671650633], [2052660291, 11942250035, 18.419438468309703], [2052660291, 11942250038, 14.410180412552814], [2052660315, 11942250038, 12.346256859381207], [2052660315, 2052660290, 16.057071671650633], [2052660315, 2052660342, 29.290836591530194], [2052660342, 2052660315, 29.290836591530194], [2052660381, 2052660407, 22.126052046150868], [2052660381, 2052660408, 27.23047034238734], [2052660381, 8273491902, 15.524695617217162], [2052660407, 11942250037, 14.754172888293583], [2052660407, 2052660381, 22.126052046150868], [2052660408, 2052660409, 38.70032918426129], [2052660408, 2052660410, 12.935572239108929], [2052660408, 2052660381, 27.23047034238734], [2052660409, 2052660408, 38.70032918426129], [2052660410, 2052660411, 37.279215624240344], [2052660410, 2052660412, 11.799880220394428], [2052660410, 2052660408, 12.935572239108929], [2052660411, 2052660410, 37.279215624240344], [2052660412, 2052660413, 36.3394925194695], [2052660412, 1692799412, 30.405467124747762], [2052660412, 2052660410, 11.799880220394428], [2052660413, 2052660412, 36.3394925194695], [2052660414, 12361074040, 65.05239336649417], [2052660414, 2049328016, 36.06343749623018], [2052660458, 12949776452, 25.723560480006512], [2052660458, 12361074039, 27.1301263235366], [2052660458, 1495022673, 14.133546671574075], [2052660505, 2052660638, 27.476697846413607], [2052660505, 1692799426, 27.476273050919183], [2052660505, 2052660548, 74.28011704757017], [2052660548, 2052660505, 74.28011704757017], [2052660548, 1692799412, 33.20174315361141], [2052660548, 2052660694, 27.84292422877101], [2052660593, 1865400237, 67.050985653969], [2052660593, 2052660694, 16.927049218868305], [2052660593, 12071240670, 8.51808911725386], [2052660593, 8817988818, 15.021796584074396], [2052660638, 12080225835, 7.265843466715196], [2052660638, 2052660505, 27.476697846413607], [2052660638, 2052660694, 68.77705434806886], [2052660694, 2052660638, 68.77705434806886], [2052660694, 2052660548, 27.84292422877101], [2052660694, 2052660593, 16.927049218868305], [2052660739, 8816583940, 30.822341293419733], [2052660739, 5718868835, 61.15421876242069], [2052660739, 10170867047, 58.42157880900598], [2052660807, 7850329233, 29.81244743589512], [2052660911, 5485766419, 11.327605445771185], [2052660911, 2052660932, 15.597211868172911], [2052660911, 11765434158, 20.746449668055185], [2052660925, 2052660926, 26.532672201413334], [2052660925, 5485766419, 15.587838065863068], [2052660926, 2052660925, 26.532672201413334], [2052660926, 3776066612, 11.663044143556483], [2052660926, 320101362, 8.639414604709152], [2052660927, 2052660928, 27.472969079330017], [2052660927, 320101360, 82.32266073558027], [2052660927, 320101361, 26.4564103258799], [2052660928, 2052660927, 27.472969079330017], [2052660928, 11765434155, 41.30153421844811], [2052660928, 2052660930, 13.098797312150328], [2052660930, 2052660928, 13.098797312150328], [2052660932, 2052660911, 15.597211868172911], [2052660932, 1865400231, 43.941344693569526], [2052660932, 12071210346, 12.021290908471553], [2052660933, 12071210345, 10.049877720376282], [2052660933, 12071210346, 8.751699146964613], [2052660934, 1865400234, 30.34056795735589], [2052660934, 12071210344, 9.077282450808394], [2052674873, 12071224425, 13.263425338080376], [2052674873, 9320603371, 48.17398335385017], [2053635817, 2052635185, 12.796658736451064], [2053894296, 2053894298, 53.4081614161902], [2053894296, 10170632810, 6.218064087932779], [2053894297, 10170632810, 31.166675461602505], [2053894298, 2052401887, 40.48061594794147], [2053894298, 10170632811, 7.502928673275852], [2053894299, 10170632811, 25.79503266013998], [2053894299, 2053894300, 10.141774736383496], [2053894299, 2053894307, 12.545476173450492], [2053894300, 2053894301, 19.751333864841303], [2053894300, 2053894299, 10.141774736383496], [2053894301, 2053894302, 27.70920694321177], [2053894301, 2053894300, 19.751333864841303], [2053894302, 2053894303, 41.43122253335066], [2053894302, 2053894301, 27.70920694321177], [2053894303, 2053894302, 41.43122253335066], [2053894307, 2053894299, 12.545476173450492], [2053894335, 2053920048, 21.464000527018012], [2053894335, 10170632812, 43.67599185830098], [2053894358, 2052400392, 62.53786182641429], [2053894361, 2053894362, 18.96711884282341], [2053894361, 11056488454, 58.0054359974341], [2053894362, 2053920044, 19.479137682204335], [2053894362, 2053894361, 18.96711884282341], [2053894365, 2053920036, 30.004561714878587], [2053894365, 11951484819, 29.58458879377167], [2053894365, 1905162518, 42.84037079375775], [2053894367, 2053920036, 18.729430290843545], [2053894368, 2053920046, 30.14309721308218], [2053894368, 2053920042, 23.21503441179298], [2053894368, 2053894369, 11.26405980754358], [2053894369, 2053920041, 53.75271827240836], [2053894369, 2053894368, 11.26405980754358], [2053894369, 11243619942, 4.635354622007492], [2053894371, 2053920040, 53.889433760586556], [2053894371, 11243619943, 13.528867733375671], [2053894371, 2053894373, 29.279910524085874], [2053894373, 10836349680, 22.522704423490758], [2053894373, 2053894371, 29.279910524085874], [2053894373, 10170632813, 20.24519256390823], [2053894392, 11243619944, 11.33279335576676], [2053894392, 10836349680, 34.459668927855304], [2053920033, 2053920043, 16.85586265251066], [2053920033, 2053920042, 26.57055912843659], [2053920033, 12079377542, 15.902123570874489], [2053920035, 2290010721, 14.649166974292282], [2053920035, 445970083, 36.477739331643605], [2053920036, 2053894367, 18.729430290843545], [2053920036, 2053894365, 30.004561714878587], [2053920036, 8273495935, 34.08266604864248], [2053920038, 11056488454, 19.876947264450575], [2053920038, 2053920046, 31.410562980248265], [2053920040, 2053894371, 53.889433760586556], [2053920041, 2053894369, 53.75271827240836], [2053920042, 2053894368, 23.21503441179298], [2053920042, 2053920033, 26.57055912843659], [2053920042, 2053920045, 16.704140692275423], [2053920043, 2053920045, 26.06801940138061], [2053920043, 2053920033, 16.85586265251066], [2053920043, 10836349681, 25.965760233528567], [2053920044, 2053894362, 19.479137682204335], [2053920044, 1905162518, 7.032817996850706], [2053920045, 2053920043, 26.06801940138061], [2053920045, 2053920042, 16.704140692275423], [2053920046, 2053920038, 31.410562980248265], [2053920046, 2053894368, 30.14309721308218], [2053920048, 2053894335, 21.464000527018012], [2064169781, 8273495914, 31.06177405566825], [2064169781, 2052400411, 3.9761791258792987], [2064169782, 11951484828, 14.661434762893323], [2064169783, 2064169789, 31.22247678359797], [2064169783, 8273495914, 16.08525314659364], [2064169783, 2064169784, 51.66035198001006], [2064169784, 2064169785, 16.05738722043902], [2064169784, 2064169783, 51.66035198001006], [2064169784, 8709134445, 10.703309144362116], [2064169785, 2064169786, 27.03231540826802], [2064169785, 2064169784, 16.05738722043902], [2064169786, 2064203059, 15.474917529909224], [2064169786, 2064169785, 27.03231540826802], [2064169786, 2064169788, 23.968660864782034], [2064169788, 2064169786, 23.968660864782034], [2064169789, 2064169783, 31.22247678359797], [2064169789, 2064203065, 32.185924570785374], [2064169789, 11951484826, 26.194317019630166], [2064169790, 2064203062, 24.61965047868263], [2064169790, 10239437298, 41.04461218730987], [2064169791, 11951484825, 17.114098393075764], [2064169791, 2064203062, 14.913008979229234], [2064177082, 2064177118, 24.99181351343082], [2064177082, 2052400401, 25.923797637692374], [2064177118, 2064177082, 24.99181351343082], [2064177125, 2064203061, 6.692481273408462], [2064177125, 8273495933, 40.72553258417481], [2064177125, 11770661857, 11.890526742397519], [2064177127, 2064203060, 38.1710258014705], [2064177127, 2064203064, 6.6696460554425645], [2064177127, 2064177128, 24.735601684966362], [2064177128, 2064177129, 21.039807658532514], [2064177128, 2064177127, 24.735601684966362], [2064177129, 2064177128, 21.039807658532514], [2064182670, 2064182671, 17.080279774478992], [2064182670, 2052400397, 23.21980279653089], [2064182670, 2064203066, 14.503013584483773], [2064182671, 2064182670, 17.080279774478992], [2064182672, 5703513597, 85.95668415458161], [2064182672, 445970098, 45.272923584490805], [2064182672, 445970129, 36.45228834405723], [2064182775, 445970128, 57.60472445287241], [2064182775, 445970129, 9.6891920932565], [2064182775, 2064182814, 24.345494033987464], [2064182814, 11770661851, 6.485504275118434], [2064182814, 2064182775, 24.345494033987464], [2064182851, 11770661855, 30.006729897638973], [2064182851, 11770661850, 9.234033570674242], [2064182851, 11770661852, 3.195661048509701], [2064203055, 11770661858, 4.91677421090517], [2064203055, 2064203067, 22.51218036896209], [2064203057, 445970078, 13.421561667360592], [2064203058, 2064203063, 12.873147490171315], [2064203058, 11770661856, 4.880473446771912], [2064203059, 2064169786, 15.474917529909224], [2064203060, 2064177127, 38.1710258014705], [2064203061, 2064203064, 18.90481297740698], [2064203061, 2064177125, 6.692481273408462], [2064203062, 2064169791, 14.913008979229234], [2064203062, 2064169790, 24.61965047868263], [2064203063, 2064203058, 12.873147490171315], [2064203064, 2064177127, 6.6696460554425645], [2064203064, 2064203061, 18.90481297740698], [2064203065, 10239437298, 9.256689364465663], [2064203065, 2064169789, 32.185924570785374], [2064203066, 2064182670, 14.503013584483773], [2064203067, 2064203055, 22.51218036896209], [2064203067, 11770661857, 4.097209258522337], [2105151533, 10172762602, 15.068811303580697], [2105151533, 10154767141, 37.32082485619122], [2105151533, 5704011547, 46.21292506040974], [2105151534, 10172762604, 29.276652827390773], [2105151534, 10172762602, 51.49414262990874], [2105151535, 2105151537, 14.678198796261649], [2105151535, 2592290238, 6.288198572929907], [2105151535, 5703965635, 17.576228876973673], [2105151535, 2105151547, 37.67342461862904], [2105151536, 2105151548, 22.43962852938935], [2105151536, 2105151541, 19.15846629965473], [2105151536, 2105151539, 21.20528432383343], [2105151537, 2105151535, 14.678198796261649], [2105151537, 2105151538, 50.73764624462966], [2105151537, 2105151546, 25.175991715941933], [2105151538, 2105175585, 15.381274913990643], [2105151538, 2105151537, 50.73764624462966], [2105151539, 2105151540, 74.32365355208907], [2105151539, 2105151536, 21.20528432383343], [2105151539, 2105151546, 17.06902138935194], [2105151540, 2105151539, 74.32365355208907], [2105151540, 2105151544, 36.30111406158505], [2105151541, 12488070894, 64.23820348509359], [2105151541, 2105175517, 26.57193773069175], [2105151541, 2105151536, 19.15846629965473], [2105151543, 2105151544, 30.529401206972658], [2105151543, 2105175527, 33.0621219411252], [2105151543, 2105175517, 75.23605444881508], [2105151544, 2105151540, 36.30111406158505], [2105151544, 2105151543, 30.529401206972658], [2105151546, 2105151539, 17.06902138935194], [2105151546, 2105151537, 25.175991715941933], [2105151547, 5704540249, 8.831459768465034], [2105151547, 2105151535, 37.67342461862904], [2105151548, 2105151536, 22.43962852938935], [2105151550, 7396540016, 10.203473527219673], [2105151550, 6685262737, 27.158170363433978], [2105151551, 10154767139, 5.069458519550797], [2105151551, 8788039065, 15.915700485840238], [2105151554, 2105151555, 67.7206366930793], [2105151554, 10154767139, 24.910438388802984], [2105151555, 10698975320, 7.037163698258537], [2105151555, 2105151554, 67.7206366930793], [2105151556, 10154767137, 4.70750876384107], [2105151556, 5707817505, 15.051151926629139], [2105151557, 10154767137, 40.35942932003598], [2105151558, 8273495777, 53.443837090981596], [2105151558, 10154767135, 57.14690869235871], [2105151559, 8018004052, 14.628056768466955], [2105151559, 7513690550, 22.500932940207466], [2105151560, 10154767134, 4.9683080391026175], [2105151560, 5706896622, 15.592646059777186], [2105151561, 2105151562, 20.978881384993777], [2105151561, 10154767134, 116.61954976222253], [2105151562, 7513690546, 41.42132984669921], [2105151562, 2105151561, 20.978881384993777], [2105175508, 11274338582, 7.890775005761217], [2105175508, 2105175512, 41.175874373103035], [2105175512, 2105175508, 41.175874373103035], [2105175512, 10169179336, 9.61457352557063], [2105175517, 2105175525, 24.33907488200471], [2105175517, 2105151543, 75.23605444881508], [2105175517, 2105151541, 26.57193773069175], [2105175520, 8273495907, 66.72802294613936], [2105175520, 2105175574, 22.0112967356562], [2105175520, 13077599505, 43.76710928137985], [2105175525, 2105175517, 24.33907488200471], [2105175527, 2105151543, 33.0621219411252], [2105175530, 2105175538, 57.439417920695384], [2105175530, 7388680148, 17.827058594176865], [2105175530, 10844974987, 31.287864056608836], [2105175530, 13077599505, 31.987684777310896], [2105175532, 9577569980, 25.695312461067154], [2105175532, 6364281263, 26.745171435552518], [2105175534, 6364281263, 38.136527133120175], [2105175534, 5703965636, 23.72825484762636], [2105175538, 2105175540, 18.864286156718816], [2105175538, 2105175530, 57.439417920695384], [2105175540, 5703965636, 23.52370494616053], [2105175540, 2105175538, 18.864286156718816], [2105175541, 2105175545, 25.01725127171918], [2105175541, 2105175610, 19.98599201734525], [2105175545, 2105175605, 10.31714387213903], [2105175545, 2105175541, 25.01725127171918], [2105175548, 13084751121, 4.1084074801268144], [2105175548, 317968749, 75.03966388718494], [2105175548, 2105175571, 46.201086052038406], [2105175548, 2874235892, 16.16142041899321], [2105175560, 10172943674, 39.3951368453188], [2105175560, 7081561651, 50.29743507784404], [2105175567, 12192849467, 22.6540702216656], [2105175567, 2105175578, 29.516622000094358], [2105175567, 12192849466, 16.94761768578261], [2105175569, 12192849466, 31.525298661826806], [2105175569, 2105175576, 35.21073630205495], [2105175571, 1652403201, 43.726929572775106], [2105175571, 2105175548, 46.201086052038406], [2105175574, 7388701995, 15.540043163757728], [2105175574, 2105175520, 22.0112967356562], [2105175574, 2105175578, 19.901820679656517], [2105175576, 8018004052, 10.389072472974528], [2105175576, 10841557146, 19.615021625956423], [2105175576, 2105175569, 35.21073630205495], [2105175578, 2105175574, 19.901820679656517], [2105175578, 2105175567, 29.516622000094358], [2105175585, 2105180823, 34.91062208647465], [2105175585, 2105151538, 15.381274913990643], [2105175585, 10939070381, 5.888913393384973], [2105175591, 6364281263, 25.960045669116855], [2105175591, 12012141892, 37.77252138373371], [2105175591, 12012141891, 8.389262849676847], [2105175593, 2105175595, 13.490007192076016], [2105175593, 10294611103, 17.870024746221855], [2105175595, 2105175598, 16.439641618468553], [2105175595, 2105175593, 13.490007192076016], [2105175598, 2105175601, 20.9819250378142], [2105175598, 2105175595, 16.439641618468553], [2105175601, 10172943673, 33.95426998536185], [2105175601, 2105175598, 20.9819250378142], [2105175602, 10169179336, 7.066123158643298], [2105175602, 6689560830, 20.887455989324295], [2105175602, 10018929295, 13.65037516932414], [2105175602, 6689560831, 8.085227499548242], [2105175603, 10172943673, 8.657789431148467], [2105175603, 6691220099, 23.237756665552173], [2105175605, 2105175545, 10.31714387213903], [2105175605, 5703530242, 65.24005180961719], [2105175605, 5703530245, 16.66196984072706], [2105175610, 2105175541, 19.98599201734525], [2105175610, 11274338582, 34.279745248048336], [2105180823, 2105175585, 34.91062208647465], [2274017723, 446785631, 48.21551719946957], [2274017723, 10170867045, 23.004706032348867], [2274017724, 10170867045, 7.050381489797723], [2274017724, 6646965402, 82.0366648915427], [2274969523, 5716404228, 26.727927073480753], [2274969528, 2274972243, 23.47981625225339], [2274969528, 5716404228, 15.4211188